822344707
534709101
53936405
678433236
382175031
626747138
529351455
175153626
373691139
99397118
336770694
284236964
293154434
87809787
532530416
961076778
786055450
307145604
650401623
801808319
458440967
859657001
140530985
300494071
390601282
805865490
159250401
490287195
231403645
428645895
591631592
228094518
139307331
763424616
750444473
257827195
591522488
390540148
898825014
535959945
113410434
801417298
195295989
981160316
771374416
913248786
713544955
565964152
316163230
767659516
606471140
53770169
992885742
69367957
984069370
401182789
78964555
481714631
533725408
826515728
388503538
706053425
100952669
991432038
48647572
414872015
621717650
377373466
150428579
452980947
200977865
56994107
498425300
202881196
764644770
530933891
969852613
437409010
357919755
961780036
932630992
265993815
631082463
697760378
973705314
521504284
687197417
455636768
949529310
955711316
586430148
386953932
814176936
794376040
474985009
812180229
281982559
47256978
27052179
306507154
